#N	DEF(V)	Agilent		Addr	AVG			Deviation	
1	0,2	0,200683808	11	0,143295526504517	0,0000357627868652344	
2	0,2	0,200687623	12	0,143111944198608	0,0000989437103271484	
3	0,2	0,200692437	13	0,14311671257019	0,000175833702087402	
4	0,2	0,200686172	14	0,143227577209473	0,000406503677368164	
5	0,2	0,200677428	15	0,144108533859253	0,00192761421203613	
6	0,2	0,200681565	16	0,1473069190979		0,004921555519104	
7	0,2	0,200658156	17	0,15195369720459	0,00728905200958252	
8	0,2	0,200664994	18	0,159526467323303	0,0092017650604248	
9	0,2	0,20065231	19	0,167491436004639	0,0103193521499634	
10	0,2	0,200666616	20	0,179300308227539	0,0119751691818237	
11	0,2	0,200643153	21	0,189653038978577	0,0132972002029419	
12	0,2	0,200638756	22	0,200666189193726	0,0147807598114014	
13	0,2	0,200640515	23	0,212231278419495	0,015454888343811	
14	0,2	0,200632955	24	0,228784084320068	0,0162887573242188	
15	0,2	0,20059875	25	0,242265462875366	0,0173455476760864	
16	0,2	0,200613502	26	0,257847309112549	0,0200587511062622	
17	0,3	0,300257234	11	0,143295526504517	0,0000357627868652344	
18	0,3	0,300288129	12	0,143111944198608	0,0000989437103271484	
19	0,3	0,300280336	13	0,14311671257019	0,000175833702087402	
20	0,3	0,300270586	14	0,143227577209473	0,000406503677368164	
21	0,3	0,300267161	15	0,144108533859253	0,00192761421203613	
22	0,3	0,300261553	16	0,1473069190979		0,004921555519104	
23	0,3	0,300266569	17	0,15195369720459	0,00728905200958252	
24	0,3	0,300255916	18	0,159526467323303	0,0092017650604248	
25	0,3	0,300264331	19	0,167491436004639	0,0103193521499634	
26	0,3	0,300248564	20	0,179300308227539	0,0119751691818237	
27	0,3	0,300271789	21	0,189653038978577	0,0132972002029419	
28	0,3	0,300264422	22	0,200666189193726	0,0147807598114014	
29	0,3	0,300261888	23	0,212231278419495	0,015454888343811	
30	0,3	0,300273745	24	0,228784084320068	0,0162887573242188	
31	0,3	0,300258611	25	0,242265462875366	0,0173455476760864	
32	0,3	0,300264252	26	0,257847309112549	0,0200587511062622	
